TYPE;CODE;NAME;SHEETS
TRACT;09003330100;3301;1
TRACT;09003400100;4001;3,4
TRACT;09003400200;4002;3,4
TRACT;09003400300;4003;3
TRACT;09003405100;4051;3
TRACT;09003405200;4052;3
TRACT;09003405300;4053;3
TRACT;09003405401;4054.01;3
TRACT;09003405402;4054.02;3
TRACT;09003405500;4055;3
TRACT;09003405600;4056;3
TRACT;09003405700;4057;3
TRACT;09003405800;4058;3
TRACT;09003405900;4059;3
TRACT;09003406001;4060.01;3
TRACT;09003406002;4060.02;3
TRACT;09003406100;4061;3
TRACT;09003410101;4101.01;3
TRACT;09003410102;4101.02;1,3
TRACT;09003415300;4153;3
TRACT;09003415400;4154;3
TRACT;09003415500;4155;3
TRACT;09003415600;4156;3
TRACT;09003415700;4157;3
TRACT;09003415800;4158;3
TRACT;09003415900;4159;3
TRACT;09003416000;4160;3
TRACT;09003416100;4161;3
TRACT;09003416200;4162;3
TRACT;09003416300;4163;3
TRACT;09003416400;4164;3
TRACT;09003416500;4165;3
TRACT;09003416600;4166;3
TRACT;09003416700;4167;3
TRACT;09003416800;4168;3
TRACT;09003417100;4171;3
TRACT;09003417200;4172;3
TRACT;09003417300;4173;3
TRACT;09003417400;4174;3
TRACT;09003417500;4175;3
TRACT;09003420400;4204;3
TRACT;09003420500;4205;3
TRACT;09003420600;4206;3
TRACT;09003420700;4207;3
TRACT;09003430100;4301;3
TRACT;09003430201;4302.01;3
TRACT;09003430202;4302.02;3
TRACT;09003430203;4302.03;3
TRACT;09003430301;4303.01;3
TRACT;09003430302;4303.02;3
TRACT;09003430400;4304;3
TRACT;09003430500;4305;3
TRACT;09003430601;4306.01;3
TRACT;09003430602;4306.02;3
TRACT;09003460100;4601;3
TRACT;09003460202;4602.02;3
TRACT;09003460203;4602.03;3
TRACT;09003460204;4602.04;3
TRACT;09003460301;4603.01;3
TRACT;09003460302;4603.02;3
TRACT;09003462101;4621.01;1,3
TRACT;09003462102;4621.02;1,3
TRACT;09003462201;4622.01;1,3
TRACT;09003462202;4622.02;1,3
TRACT;09003464101;4641.01;1
TRACT;09003464102;4641.02;1
TRACT;09003466101;4661.01;1
TRACT;09003466102;4661.02;1
TRACT;09003466201;4662.01;1
TRACT;09003466202;4662.02;1
TRACT;09003466300;4663;1
TRACT;09003466400;4664;1
TRACT;09003468101;4681.01;1
TRACT;09003468102;4681.02;1
TRACT;09003470100;4701;1,2
TRACT;09003471100;4711;2
TRACT;09003471200;4712;1,2
TRACT;09003471300;4713;1,2
TRACT;09003471400;4714;1
TRACT;09003471500;4715;1,2
TRACT;09003473100;4731;2
TRACT;09003473400;4734;2
TRACT;09003473501;4735.01;1,2
TRACT;09003473502;4735.02;1,2
TRACT;09003473601;4736.01;2
TRACT;09003473602;4736.02;2
TRACT;09003473700;4737;2
TRACT;09003473800;4738;2
TRACT;09003476100;4761;2
TRACT;09003476200;4762;2
TRACT;09003476300;4763;2
TRACT;09003477101;4771.01;2
TRACT;09003477102;4771.02;2
TRACT;09003477200;4772;1,2
TRACT;09003480300;4803;2
TRACT;09003480400;4804;2
TRACT;09003480500;4805;2
TRACT;09003480600;4806;2
TRACT;09003480700;4807;2
TRACT;09003480800;4808;2
TRACT;09003480900;4809;2
TRACT;09003481000;4810;2
TRACT;09003481100;4811;2
TRACT;09003481200;4812;2
TRACT;09003481300;4813;2
TRACT;09003484100;4841;2
TRACT;09003484200;4842;2
TRACT;09003487100;4871;2
TRACT;09003487201;4872.01;2
TRACT;09003487202;4872.02;2
TRACT;09003487300;4873;2
TRACT;09003487400;4874;2
TRACT;09003487500;4875;2
TRACT;09003490100;4901;4
TRACT;09003490302;4903.02;4
TRACT;09003492100;4921;4
TRACT;09003492200;4922;4
TRACT;09003492300;4923;4
TRACT;09003492400;4924;4
TRACT;09003492500;4925;4
TRACT;09003492600;4926;4
TRACT;09003494100;4941;3,4
TRACT;09003494201;4942.01;3
TRACT;09003494202;4942.02;3,4
TRACT;09003494300;4943;3
TRACT;09003494400;4944;3,4
TRACT;09003494500;4945;3,4
TRACT;09003494600;4946;3
TRACT;09003496100;4961;3,4
TRACT;09003496200;4962;3
TRACT;09003496300;4963;3
TRACT;09003496400;4964;3
TRACT;09003496500;4965;3
TRACT;09003496600;4966;3
TRACT;09003496700;4967;3,4
TRACT;09003496800;4968;3,4
TRACT;09003496900;4969;3,4
TRACT;09003497000;4970;3,4
TRACT;09003497100;4971;3,4
TRACT;09003497200;4972;3,4
TRACT;09003497300;4973;1,2,3,4
TRACT;09003497400;4974;3
TRACT;09003497500;4975;1,3
TRACT;09003497600;4976;3
TRACT;09003497700;4977;1,3
TRACT;09003500100;5001;4
TRACT;09003500200;5002;4
TRACT;09003500300;5003;4
TRACT;09003500400;5004;4
TRACT;09003500500;5005;4
TRACT;09003500700;5007;2,4
TRACT;09003500900;5009;4
TRACT;09003501200;5012;2,4
TRACT;09003501300;5013;4
TRACT;09003501400;5014;4
TRACT;09003501500;5015;2,4
TRACT;09003501700;5017;4
TRACT;09003501800;5018;4
TRACT;09003502100;5021;4
TRACT;09003502300;5023;4
TRACT;09003502400;5024;4
TRACT;09003502500;5025;4
TRACT;09003502600;5026;4
TRACT;09003502700;5027;4
TRACT;09003502800;5028;4
TRACT;09003502900;5029;4
TRACT;09003503000;5030;4
TRACT;09003503100;5031;4
TRACT;09003503300;5033;4
TRACT;09003503500;5035;4
TRACT;09003503700;5037;4
TRACT;09003503800;5038;1,2,4
TRACT;09003503900;5039;2,4
TRACT;09003504000;5040;2,4
TRACT;09003504100;5041;4
TRACT;09003504200;5042;4
TRACT;09003504300;5043;4
TRACT;09003504500;5045;4
TRACT;09003504800;5048;4
TRACT;09003504900;5049;4
TRACT;09003510100;5101;2,4
TRACT;09003510200;5102;4
TRACT;09003510300;5103;2,4
TRACT;09003510400;5104;4
TRACT;09003510500;5105;4
TRACT;09003510600;5106;4
TRACT;09003510700;5107;4
TRACT;09003510800;5108;4
TRACT;09003510900;5109;4
TRACT;09003511000;5110;4
TRACT;09003511100;5111;4
TRACT;09003511200;5112;4
TRACT;09003511300;5113;4
TRACT;09003511400;5114;2,4
TRACT;09003514101;5141.01;2
TRACT;09003514102;5141.02;2,4
TRACT;09003514200;5142;2,4
TRACT;09003514300;5143;2,4
TRACT;09003514400;5144;2,4
TRACT;09003514500;5145;4
TRACT;09003514600;5146;4
TRACT;09003514700;5147;4
TRACT;09003514800;5148;4
TRACT;09003514900;5149;2,4
TRACT;09003515000;5150;4
TRACT;09003515101;5151.01;4
TRACT;09003515102;5151.02;4
TRACT;09003515200;5152;4
TRACT;09003520100;5201;4
TRACT;09003520201;5202.01;4
TRACT;09003520202;5202.02;4
TRACT;09003520301;5203.01;4
TRACT;09003520302;5203.02;4
TRACT;09003520400;5204;4
TRACT;09003520501;5205.01;4
TRACT;09003524100;5241;4
TRACT;09003524200;5242;4
TRACT;09003524300;5243;2
TRACT;09003524400;5244;2,4
TRACT;09003524501;5245.01;4
TRACT;09003524502;5245.02;4
TRACT;09003524600;5246;4
TRACT;09003524700;5247;4
TRACT;09003980000;9800;2
