TYPE;CODE;NAME;SHEETS
TRACT;09015800300;8003;1
TRACT;09015800400;8004;1
TRACT;09015800500;8005;1
TRACT;09015800600;8006;1
TRACT;09015800700;8007;1
TRACT;09015815000;8150;1
TRACT;09015820000;8200;1
TRACT;09015825000;8250;1
TRACT;09015830100;8301;1
TRACT;09015900100;9001;1
TRACT;09015900200;9002;1
TRACT;09015901100;9011;1
TRACT;09015902200;9022;1
TRACT;09015902500;9025;1
TRACT;09015903100;9031;1
TRACT;09015903200;9032;1
TRACT;09015904100;9041;1
TRACT;09015904400;9044;1
TRACT;09015904500;9045;1
TRACT;09015905100;9051;1
TRACT;09015906100;9061;1
TRACT;09015907100;9071;1
TRACT;09015907200;9072;1
TRACT;09015907300;9073;1
TRACT;09015908100;9081;1
