TYPE;CODE;NAME;SHEETS
TRACT;09009120100;1201;3
TRACT;09009120200;1202;3
TRACT;09009125100;1251;3
TRACT;09009125200;1252;3
TRACT;09009125300;1253;3
TRACT;09009125400;1254;3
TRACT;09009130101;1301.01;1
TRACT;09009130102;1301.02;1,3
TRACT;09009130200;1302;1,3
TRACT;09009140100;1401;3,4
TRACT;09009140200;1402;3,4
TRACT;09009140300;1403;3
TRACT;09009140400;1404;3,4
TRACT;09009140500;1405;3
TRACT;09009140600;1406;3
TRACT;09009140700;1407;3
TRACT;09009140800;1408;3
TRACT;09009140900;1409;3
TRACT;09009141000;1410;3
TRACT;09009141100;1411;3
TRACT;09009141200;1412;3
TRACT;09009141300;1413;3
TRACT;09009141400;1414;3
TRACT;09009141500;1415;3,4
TRACT;09009141600;1416;3,4
TRACT;09009141800;1418;3,4
TRACT;09009141900;1419;4
TRACT;09009142000;1420;4
TRACT;09009142100;1421;4
TRACT;09009142200;1422;4
TRACT;09009142300;1423;4
TRACT;09009142400;1424;4
TRACT;09009142500;1425;4
TRACT;09009142601;1426.01;4
TRACT;09009142603;1426.03;4
TRACT;09009142604;1426.04;4
TRACT;09009142700;1427;4
TRACT;09009142800;1428;4
TRACT;09009150100;1501;3
TRACT;09009150200;1502;3
TRACT;09009150300;1503;3
TRACT;09009150400;1504;3
TRACT;09009150500;1505;3
TRACT;09009150600;1506;3
TRACT;09009150700;1507;3
TRACT;09009150800;1508;3
TRACT;09009150900;1509;3
TRACT;09009151000;1510;3
TRACT;09009151100;1511;3
TRACT;09009151200;1512;3
TRACT;09009154100;1541;3
TRACT;09009154200;1542;3
TRACT;09009154500;1545;3
TRACT;09009154600;1546;3
TRACT;09009154700;1547;3
TRACT;09009154800;1548;3
TRACT;09009154900;1549;3
TRACT;09009155000;1550;3,4
TRACT;09009155100;1551;3
TRACT;09009157100;1571;3
TRACT;09009157200;1572;3
TRACT;09009157300;1573;3
TRACT;09009157400;1574;3
TRACT;09009160100;1601;3
TRACT;09009160200;1602;1,3
TRACT;09009161100;1611;1
TRACT;09009165100;1651;4
TRACT;09009165200;1652;2,4
TRACT;09009165300;1653;2,4
TRACT;09009165400;1654;3,4
TRACT;09009165500;1655;3,4
TRACT;09009165600;1656;2,3,4
TRACT;09009165700;1657;3
TRACT;09009165801;1658.01;1,2,3,4
TRACT;09009165802;1658.02;1,3
TRACT;09009165900;1659;1,2
TRACT;09009166001;1660.01;2
TRACT;09009166002;1660.02;2
TRACT;09009167100;1671;2,4
TRACT;09009167201;1672.01;2,4
TRACT;09009167202;1672.02;2
TRACT;09009167300;1673;2,4
TRACT;09009170100;1701;2
TRACT;09009170200;1702;2
TRACT;09009170300;1703;2
TRACT;09009170400;1704;2
TRACT;09009170500;1705;2
TRACT;09009170600;1706;2
TRACT;09009170700;1707;2
TRACT;09009170800;1708;2
TRACT;09009170900;1709;2
TRACT;09009171000;1710;2
TRACT;09009171100;1711;2
TRACT;09009171200;1712;2
TRACT;09009171300;1713;2
TRACT;09009171400;1714;2
TRACT;09009171500;1715;2
TRACT;09009171600;1716;2
TRACT;09009171700;1717;2
TRACT;09009175100;1751;2
TRACT;09009175200;1752;2
TRACT;09009175300;1753;2
TRACT;09009175400;1754;2
TRACT;09009175500;1755;2
TRACT;09009175600;1756;2
TRACT;09009175700;1757;2
TRACT;09009175800;1758;2
TRACT;09009175900;1759;2
TRACT;09009176000;1760;2
TRACT;09009180100;1801;4
TRACT;09009180200;1802;4
TRACT;09009180300;1803;4
TRACT;09009180400;1804;4
TRACT;09009180500;1805;4
TRACT;09009180601;1806.01;4
TRACT;09009180602;1806.02;4
TRACT;09009184100;1841;4
TRACT;09009184200;1842;4
TRACT;09009184300;1843;4
TRACT;09009184400;1844;4
TRACT;09009184500;1845;4
TRACT;09009184600;1846;4
TRACT;09009184700;1847;4
TRACT;09009186100;1861;2,4
TRACT;09009186200;1862;2,4
TRACT;09009190100;1901;4
TRACT;09009190200;1902;4
TRACT;09009190301;1903.01;4
TRACT;09009190302;1903.02;4
TRACT;09009190303;1903.03;2,4
TRACT;09009194100;1941;4
TRACT;09009194201;1942.01;2,4
TRACT;09009194202;1942.02;2,4
TRACT;09009341100;3411;1
TRACT;09009343101;3431.01;2
TRACT;09009343102;3431.02;2
TRACT;09009343200;3432;1,2
TRACT;09009343300;3433;2
TRACT;09009343400;3434;1,2
TRACT;09009344100;3441;1
TRACT;09009344200;3442;1
TRACT;09009345100;3451;1
TRACT;09009345201;3452.01;1
TRACT;09009345202;3452.02;1
TRACT;09009345300;3453;1
TRACT;09009345400;3454;1
TRACT;09009346101;3461.01;1
TRACT;09009346102;3461.02;1
TRACT;09009347100;3471;1
TRACT;09009347200;3472;1
TRACT;09009348111;3481.11;1
TRACT;09009348122;3481.22;1
TRACT;09009348123;3481.23;1
TRACT;09009348124;3481.24;1
TRACT;09009348125;3481.25;1
TRACT;09009350100;3501;1
TRACT;09009350200;3502;1
TRACT;09009350300;3503;1
TRACT;09009350400;3504;1
TRACT;09009350500;3505;1
TRACT;09009350800;3508;1
TRACT;09009350900;3509;1
TRACT;09009351000;3510;1
TRACT;09009351100;3511;1
TRACT;09009351200;3512;1
TRACT;09009351300;3513;1
TRACT;09009351400;3514;1
TRACT;09009351500;3515;1
TRACT;09009351601;3516.01;1
TRACT;09009351602;3516.02;1
TRACT;09009351700;3517;1
TRACT;09009351800;3518;1
TRACT;09009351900;3519;1
TRACT;09009352000;3520;1
TRACT;09009352100;3521;1
TRACT;09009352200;3522;1
TRACT;09009352300;3523;1
TRACT;09009352400;3524;1
TRACT;09009352500;3525;1
TRACT;09009352600;3526;1
TRACT;09009352701;3527.01;1
TRACT;09009352702;3527.02;1
TRACT;09009352800;3528;1
TRACT;09009361100;3611;1
TRACT;09009361200;3612;1
TRACT;09009361300;3613;1
TRACT;09009361401;3614.01;3,4
TRACT;09009361402;3614.02;3,4
TRACT;09009361500;3615;3
TRACT;09009990000;9900;3,4
