TYPE;CODE;NAME;SHEETS
TRACT;09001010101;101.01;4
TRACT;09001010102;101.02;4
TRACT;09001010201;102.01;4
TRACT;09001010202;102.02;4
TRACT;09001010300;103;4
TRACT;09001010400;104;4
TRACT;09001010500;105;4
TRACT;09001010600;106;4
TRACT;09001010700;107;4
TRACT;09001010800;108;4
TRACT;09001010900;109;4
TRACT;09001011000;110;4
TRACT;09001011100;111;4
TRACT;09001011200;112;4
TRACT;09001011300;113;4
TRACT;09001020100;201;4
TRACT;09001020200;202;4
TRACT;09001020300;203;4
TRACT;09001020400;204;4
TRACT;09001020500;205;4
TRACT;09001020600;206;4
TRACT;09001020700;207;4
TRACT;09001020800;208;4
TRACT;09001020900;209;4
TRACT;09001021000;210;4
TRACT;09001021100;211;4
TRACT;09001021200;212;4
TRACT;09001021300;213;4
TRACT;09001021400;214;4
TRACT;09001021500;215;4
TRACT;09001021600;216;4
TRACT;09001021700;217;4
TRACT;09001021801;218.01;4
TRACT;09001021802;218.02;4
TRACT;09001021900;219;4
TRACT;09001022000;220;4
TRACT;09001022100;221;4
TRACT;09001022200;222;4
TRACT;09001022300;223;4
TRACT;09001022400;224;4
TRACT;09001030100;301;4
TRACT;09001030200;302;4
TRACT;09001030300;303;4
TRACT;09001030400;304;4
TRACT;09001030500;305;4
TRACT;09001035100;351;4
TRACT;09001035200;352;4
TRACT;09001035300;353;4
TRACT;09001035400;354;4
TRACT;09001042500;425;4
TRACT;09001042600;426;4
TRACT;09001042700;427;4
TRACT;09001042800;428;4
TRACT;09001042900;429;4
TRACT;09001043000;430;4
TRACT;09001043100;431;4
TRACT;09001043200;432;4
TRACT;09001043300;433;4
TRACT;09001043400;434;4
TRACT;09001043500;435;4
TRACT;09001043600;436;4
TRACT;09001043700;437;4
TRACT;09001043800;438;4
TRACT;09001043900;439;4
TRACT;09001044000;440;4
TRACT;09001044100;441;4
TRACT;09001044200;442;4
TRACT;09001044300;443;4
TRACT;09001044400;444;4
TRACT;09001044500;445;4
TRACT;09001044600;446;4
TRACT;09001045101;451.01;4
TRACT;09001045102;451.02;2,4
TRACT;09001045200;452;4
TRACT;09001045300;453;4
TRACT;09001045400;454;4
TRACT;09001050100;501;4,5
TRACT;09001050200;502;4,5
TRACT;09001050300;503;5
TRACT;09001050400;504;4,5
TRACT;09001050500;505;4,5
TRACT;09001050600;506;5
TRACT;09001055100;551;2,3,4,5
TRACT;09001055200;552;4,5
TRACT;09001060100;601;5
TRACT;09001060200;602;5
TRACT;09001060300;603;5
TRACT;09001060400;604;5
TRACT;09001060500;605;5
TRACT;09001060600;606;5
TRACT;09001060700;607;5
TRACT;09001060800;608;5
TRACT;09001060900;609;5
TRACT;09001061000;610;5
TRACT;09001061100;611;5
TRACT;09001061200;612;5
TRACT;09001061300;613;5
TRACT;09001061400;614;5
TRACT;09001061500;615;5
TRACT;09001061600;616;5
TRACT;09001070100;701;5
TRACT;09001070200;702;5
TRACT;09001070300;703;5
TRACT;09001070400;704;5
TRACT;09001070500;705;5
TRACT;09001070600;706;5
TRACT;09001070900;709;5
TRACT;09001071000;710;5
TRACT;09001071100;711;5
TRACT;09001071200;712;5
TRACT;09001071300;713;5
TRACT;09001071400;714;5
TRACT;09001071600;716;5
TRACT;09001071900;719;5
TRACT;09001072000;720;5
TRACT;09001072100;721;5
TRACT;09001072200;722;5
TRACT;09001072300;723;5
TRACT;09001072400;724;5
TRACT;09001072500;725;5
TRACT;09001072600;726;5
TRACT;09001072700;727;5
TRACT;09001072800;728;5
TRACT;09001072900;729;5
TRACT;09001073000;730;5
TRACT;09001073100;731;5
TRACT;09001073200;732;5
TRACT;09001073300;733;5
TRACT;09001073400;734;5
TRACT;09001073500;735;5
TRACT;09001073600;736;5
TRACT;09001073700;737;5
TRACT;09001073800;738;5
TRACT;09001073900;739;5
TRACT;09001074000;740;5
TRACT;09001074300;743;5
TRACT;09001074400;744;5
TRACT;09001080100;801;5
TRACT;09001080200;802;5
TRACT;09001080400;804;5
TRACT;09001080500;805;5
TRACT;09001080600;806;5
TRACT;09001080700;807;5
TRACT;09001080800;808;5
TRACT;09001080900;809;5
TRACT;09001081000;810;5
TRACT;09001081100;811;5
TRACT;09001081200;812;5
TRACT;09001081300;813;3,5
TRACT;09001090100;901;3,5
TRACT;09001090200;902;3,5
TRACT;09001090300;903;5
TRACT;09001090400;904;5
TRACT;09001090500;905;5
TRACT;09001090600;906;3,5
TRACT;09001090700;907;3,5
TRACT;09001100100;1001;3
TRACT;09001100200;1002;3
TRACT;09001100300;1003;3
TRACT;09001105100;1051;2,3,5
TRACT;09001105200;1052;3,5
TRACT;09001110100;1101;3
TRACT;09001110201;1102.01;3
TRACT;09001110202;1102.02;3,5
TRACT;09001110301;1103.01;3
TRACT;09001110302;1103.02;3,5
TRACT;09001110400;1104;3
TRACT;09001110500;1105;3
TRACT;09001110600;1106;3
TRACT;09001200100;2001;2
TRACT;09001200200;2002;2
TRACT;09001200301;2003.01;2
TRACT;09001200302;2003.02;2,3
TRACT;09001205100;2051;2
TRACT;09001205200;2052;2,3
TRACT;09001205300;2053;2,3
TRACT;09001210100;2101;2
TRACT;09001210200;2102;2
TRACT;09001210300;2103;2
TRACT;09001210400;2104;2
TRACT;09001210500;2105;2
TRACT;09001210600;2106;2
TRACT;09001210701;2107.01;2
TRACT;09001210702;2107.02;2
TRACT;09001210800;2108;2
TRACT;09001210900;2109;2
TRACT;09001211000;2110;2
TRACT;09001211100;2111;2
TRACT;09001211200;2112;2
TRACT;09001211300;2113;2
TRACT;09001211400;2114;2
TRACT;09001220100;2201;2
TRACT;09001220200;2202;2
TRACT;09001220300;2203;2
TRACT;09001230100;2301;2,3
TRACT;09001230200;2302;3
TRACT;09001230300;2303;2,3
TRACT;09001230400;2304;3
TRACT;09001230501;2305.01;3
TRACT;09001230502;2305.02;3
TRACT;09001240100;2401;2,4
TRACT;09001240200;2402;2,3
TRACT;09001245100;2451;2
TRACT;09001245200;2452;2
TRACT;09001245300;2453;2
TRACT;09001245400;2454;2,4
TRACT;09001245500;2455;2,4
TRACT;09001245600;2456;2
TRACT;09001257100;2571;1,2
TRACT;09001257200;2572;5
TRACT;09001990000;9900;4,5
