TYPE;CODE;NAME;SHEETS
TRACT;09013526101;5261.01;1
TRACT;09013526102;5261.02;1
TRACT;09013528100;5281;1
TRACT;09013529100;5291;1
TRACT;09013530100;5301;1
TRACT;09013530200;5302;1
TRACT;09013530301;5303.01;1
TRACT;09013530302;5303.02;1
TRACT;09013530400;5304;1
TRACT;09013530500;5305;1
TRACT;09013530600;5306;1
TRACT;09013533101;5331.01;1
TRACT;09013533102;5331.02;1
TRACT;09013535100;5351;1
TRACT;09013535200;5352;1
TRACT;09013538100;5381;1
TRACT;09013538201;5382.01;1
TRACT;09013538202;5382.02;1
TRACT;09013840100;8401;1
TRACT;09013850100;8501;1
TRACT;09013850200;8502;1
TRACT;09013860100;8601;1
TRACT;09013881100;8811;1
TRACT;09013881200;8812;1
TRACT;09013881300;8813;1
TRACT;09013881500;8815;1
TRACT;09013890100;8901;1
TRACT;09013890201;8902.01;1
TRACT;09013890202;8902.02;1
