TYPE;CODE;NAME;SHEETS
TRACT;09007541100;5411;1
TRACT;09007541200;5412;1
TRACT;09007541300;5413;1
TRACT;09007541401;5414.01;1
TRACT;09007541402;5414.02;1
TRACT;09007541500;5415;1
TRACT;09007541600;5416;1
TRACT;09007541700;5417;1
TRACT;09007542000;5420;1
TRACT;09007542100;5421;1
TRACT;09007542200;5422;1
TRACT;09007550100;5501;1
TRACT;09007550201;5502.01;1
TRACT;09007550202;5502.02;1
TRACT;09007560100;5601;1
TRACT;09007560200;5602;1
TRACT;09007570100;5701;1
TRACT;09007570200;5702;1
TRACT;09007570300;5703;1
TRACT;09007580100;5801;1
TRACT;09007585100;5851;1
TRACT;09007590100;5901;1
TRACT;09007595101;5951.01;1
TRACT;09007595102;5951.02;1
TRACT;09007600100;6001;1
TRACT;09007610100;6101;1
TRACT;09007610200;6102;1
TRACT;09007610300;6103;1
TRACT;09007610400;6104;1
TRACT;09007620100;6201;1
TRACT;09007630100;6301;1
TRACT;09007640100;6401;1
TRACT;09007670100;6701;1
TRACT;09007670200;6702;1
TRACT;09007680100;6801;1
TRACT;09007680200;6802;1
TRACT;09007990100;9901;1
