TYPE;CODE;NAME;SHEETS
TRACT;09011650100;6501;3
TRACT;09011660101;6601.01;3
TRACT;09011660102;6601.02;3
TRACT;09011690300;6903;4
TRACT;09011690400;6904;4
TRACT;09011690500;6905;4
TRACT;09011690700;6907;4
TRACT;09011690800;6908;4
TRACT;09011690900;6909;4
TRACT;09011693300;6933;3
TRACT;09011693400;6934;3,4
TRACT;09011693500;6935;3,4
TRACT;09011693600;6936;3,4
TRACT;09011693700;6937;3,4
TRACT;09011695201;6952.01;1,2,3,4
TRACT;09011695202;6952.02;1,3
TRACT;09011696100;6961;2
TRACT;09011696200;6962;1,2
TRACT;09011696300;6963;2
TRACT;09011696400;6964;2
TRACT;09011696500;6965;2
TRACT;09011696600;6966;2
TRACT;09011696700;6967;2
TRACT;09011696800;6968;2
TRACT;09011697000;6970;2
TRACT;09011700100;7001;2,4
TRACT;09011701100;7011;2,4
TRACT;09011701200;7012;2,4
TRACT;09011702100;7021;4
TRACT;09011702300;7023;4
TRACT;09011702400;7024;4
TRACT;09011702500;7025;4
TRACT;09011702600;7026;4
TRACT;09011702700;7027;4
TRACT;09011702800;7028;4
TRACT;09011702900;7029;4
TRACT;09011703000;7030;4
TRACT;09011705101;7051.01;4
TRACT;09011705102;7051.02;4
TRACT;09011705200;7052;4
TRACT;09011705300;7053;4
TRACT;09011705400;7054;4
TRACT;09011707100;7071;2,4
TRACT;09011708100;7081;2
TRACT;09011709100;7091;2
TRACT;09011709200;7092;2
TRACT;09011710100;7101;2
TRACT;09011711100;7111;2
TRACT;09011712100;7121;1,2
TRACT;09011713100;7131;1
TRACT;09011714101;7141.01;1
TRACT;09011714103;7141.03;1
TRACT;09011714104;7141.04;1
TRACT;09011715100;7151;1,3
TRACT;09011716101;7161.01;3
TRACT;09011716102;7161.02;3
TRACT;09011870100;8701;1
TRACT;09011870200;8702;4
TRACT;09011870300;8703;4
TRACT;09011870501;8705.01;2,4
TRACT;09011870502;8705.02;2,4
TRACT;09011870701;8707.01;3
TRACT;09011870703;8707.03;3
TRACT;09011870704;8707.04;3
TRACT;09011980000;9800;4
TRACT;09011990100;9901;3,4
