TYPE;CODE;NAME;SHEETS
TRACT;09005250100;2501;1
TRACT;09005253100;2531;1
TRACT;09005253200;2532;1
TRACT;09005253300;2533;1
TRACT;09005253400;2534;1
TRACT;09005253500;2535;1
TRACT;09005253600;2536;1
TRACT;09005260200;2602;1
TRACT;09005261100;2611;1
TRACT;09005262100;2621;1
TRACT;09005263200;2632;1
TRACT;09005265100;2651;1
TRACT;09005266100;2661;1
TRACT;09005267100;2671;1
TRACT;09005268100;2681;1
TRACT;09005290100;2901;1
TRACT;09005293100;2931;1
TRACT;09005296100;2961;1
TRACT;09005298300;2983;1
TRACT;09005298400;2984;1
TRACT;09005300100;3001;1
TRACT;09005300400;3004;1
TRACT;09005300500;3005;1
TRACT;09005303100;3031;1
TRACT;09005306100;3061;1
TRACT;09005310100;3101;1
TRACT;09005310200;3102;1
TRACT;09005310300;3103;1
TRACT;09005310400;3104;1
TRACT;09005310500;3105;1
TRACT;09005310601;3106.01;1
TRACT;09005310602;3106.02;1
TRACT;09005310700;3107;1
TRACT;09005310801;3108.01;1
TRACT;09005310803;3108.03;1
TRACT;09005310804;3108.04;1
TRACT;09005320100;3201;1
TRACT;09005320200;3202;1
TRACT;09005342100;3421;1
TRACT;09005349100;3491;1
TRACT;09005349200;3492;1
TRACT;09005360100;3601;1
TRACT;09005360200;3602;1
TRACT;09005360300;3603;1
TRACT;09005360400;3604;1
TRACT;09005362101;3621.01;1
TRACT;09005362102;3621.02;1
TRACT;09005425300;4253;1
TRACT;09005425400;4254;1
TRACT;09005425500;4255;1
TRACT;09005425600;4256;1
